proktaxa_across	fungitaxa_across	prokallfunc_across	prok_cfunc_across	prok_nfunc_across	fungilife_across	env_across
K01	0.592227619150045	0.604247744467005	0.059268502861738	0.0415910797968622	0.0851432943634323	0.50031786409087	0.107169267407255
K02	0.570818235432184	0.582668394233332	0.0427710910847614	0.0335445450653252	0.0998544789879781	0.423522357969862	0.12897263199845
K03	0.588390995843744	0.617903727921441	0.0660563466358016	0.0522897855595379	0.178249567943786	0.476495049412222	0.0945095517297327
K04	0.614302186824317	0.621103165468474	0.100571488311967	0.0596367707241191	0.304336129462553	0.24522448552347	0.0543187545750455
K05	0.636614849139087	0.612121494527963	0.1130775885186	0.0745438105127145	0.322108601769053	0.277142966151061	0.0355913127052887
K06	0.645698722482632	0.61116390514327	0.105919149598748	0.0618620995694943	0.289393175104094	0.29944554397059	0.136688125319144
K07	0.619210220373118	0.606291320871178	0.092608947289142	0.0540545606793077	0.29169591641494	0.533211519090436	0.0607101818965826
K08	0.629579837758492	0.622274698051276	0.0846774781572279	0.0518373121955623	0.15162423191742	0.358669308189532	0.132932325951893
K09	0.591464402886227	0.613288633315308	0.105268434736685	0.0622120523515372	0.317308448983869	0.621465428365073	0.0352151726542613
K10	0.568940231425461	0.662823655446105	0.0536846638381793	0.0376140857023049	0.206564654984981	0.57166285878337	0.0717110078939449
K11	0.549937060643614	0.555872047404922	0.0465090761320658	0.0296767348752059	0.083001644514388	0.173323984435789	0.0940729904901632
K12	0.55068849770195	0.555629850588951	0.0394390098413802	0.0289033087290018	0.120036587925111	0.273229857220532	0.0413853637603253
K13	0.56293532463286	0.561141220662763	0.0395367647266212	0.0302232302462965	0.0936245593751461	0.0757554902333326	0.069410458422791
K14	0.547915016950401	0.534962537952879	0.0482297299596886	0.0391525945594931	0.108768497693763	0.107811045243886	0.276533842861815
K15	0.548168164997013	0.571543126145483	0.0272024709641783	0.0248474142379502	0.0625905184431126	0.150880509727524	0.0664337066506851
K16	0.570041261559184	0.557899806241828	0.0499421119650872	0.0341711574080382	0.118090425985917	0.179147386212842	0.158594172368449
K17	0.604150794388694	0.552043279409529	0.0683313637054493	0.0359899726885174	0.0985096797266164	0.167561111299388	0.0895846390421708
K18	0.539360081590607	0.596591302811946	0.0315762096291114	0.0304303723510807	0.142424682946812	0.359441864208485	0.0569951929757403
K19	0.565915464870751	0.583546929748135	0.0665415831257586	0.0448211633777298	0.137618032733268	0.19122028151438	0.0408890091136196
K20	0.605116367576533	0.607674406341217	0.0921604454025962	0.0518703605506888	0.238751477483304	0.0450456335239333	0.162229057142443
K21	0.606060348502092	0.604793495121583	0.0807746240733851	0.0609255623887866	0.136655975305693	0.135952167366972	0.0277466551495938
K22	0.656785676292433	0.592922289718755	0.0779457995207259	0.0617056620206095	0.131834932177446	0.198585993213686	0.0200126755412928
K23	0.60522958783025	0.58960333781335	0.0528283780267677	0.0376673407605034	0.143239663970574	0.161902202432305	0.0632271010578322
K24	0.66326124542669	0.592853001096144	0.119822116106997	0.0710730604259126	0.140632738920385	0.176991034081055	0.0763383776289299
K25	0.632330714902718	0.590870107603797	0.0604573858073432	0.0621645288859874	0.0996520428457681	0.16336563056176	0.0407152625183854
K26	0.601662468078164	0.592739954126025	0.0534893519960377	0.0274202341167366	0.0914607271244914	0.178100542189741	0.124539740068096
K27	0.637278790334695	0.604282377813519	0.0888543534391078	0.0763867580287537	0.19247630632151	0.163410905501203	0.187920798140588
K28	0.561749274560644	0.538960714848377	0.0480530771024373	0.032040569247779	0.160639559193618	0.111075167412082	0.10850478429634
K29	0.54822589302851	0.544601453424657	0.0497140800669212	0.0326862800877405	0.099845938124394	0.180679202888715	0.0603623362015612
K30	0.565148286968769	0.542854177777136	0.0448655286041153	0.0278949843716525	0.141568198895531	0.127434305687409	0.0879829178014515
K31	0.589615698233969	0.522306839845936	0.0452715067146874	0.0337372467777556	0.0801921510846755	0.132347988918521	0.0652957292727226
K32	0.563805547731329	0.579156575418217	0.0297803173261516	0.0269166267762099	0.0894362233754002	0.206438740906143	0.0843230709527748
K33	0.590570918537305	0.499205111736492	0.0521279275323302	0.0385413351170302	0.0829881154743858	0.109523047821486	0.0636536052747783
K34	0.62998286956419	0.518295056215851	0.0614226767341595	0.0452073068044274	0.211006509284093	0.125810097482353	0.0764869574854057
K35	0.596976430085469	0.544896246032551	0.0452000364237287	0.0355794420758767	0.131942212816095	0.239151895904716	0.086831986164414
K36	0.609713023448678	0.564649440167577	0.048290776181218	0.0324849362562918	0.108238858659422	0.14650016949282	0.0856616293625594
K37	0.588212050480521	0.634784273389869	0.0483920353085646	0.0414116315420795	0.115021280587642	0.235031439350902	0.0598423230715189
K38	0.554366475565744	0.650661040986452	0.0461134640897869	0.0355446949458657	0.102536259065499	0.223797689908838	0.0854789440196391
K39	0.593176931360905	0.64331847505596	0.063517772840063	0.0451885517165373	0.127044277729273	0.277405190706152	0.0828396629565752
K40	0.610997120189331	0.632315531222246	0.0454861471561854	0.0423294858208794	0.166474496577669	0.194961088112303	0.209358318529472
K41	0.58266802983479	0.659048729283962	0.0407618639767026	0.036451157424605	0.0762185653561842	0.134802694117991	0.20829917853843
K42	0.598853728624754	0.626525507909935	0.0404989094815449	0.0386166854181074	0.130254091850616	0.144361484514971	0.299282444304137
K43	0.623941777190607	0.702425684510261	0.110019247142912	0.0526130467578562	0.141643153355397	0.336956229416837	0.285327629526203
K44	0.580097959571668	0.680715561402167	0.0618656033780501	0.0434842085396379	0.185633828193293	0.0710250141763554	0.238851820425341
K45	0.608089913264965	0.658251633192838	0.0497780587627007	0.0380551276880535	0.166470685428314	0.237868133938257	0.159218019958952
K46	0.627519859218657	0.618829466261862	0.051277342467689	0.0517586107907867	0.129398703349201	0.0361000831023195	0.0999258293027562
K47	0.609913724147548	0.610380952633054	0.0442319898632185	0.0320122310065755	0.0842638753150732	0.311293117616663	0.288472418629017
K48	0.587458181111266	0.635660872891893	0.0578001154786156	0.0650380366866499	0.192486977810211	0.239686904358866	0.309674543142413
K49	0.56772753025644	0.573560632901097	0.0421338401436468	0.0475801694030634	0.120964294851031	0.0595387027231647	0.192009177093973
K50	0.571830622266359	0.561302947500559	0.044031942705104	0.0428191361770058	0.138886423585435	0.125867828585696	0.231015077132506
K51	0.568841484358998	0.607609261405882	0.0429666240311336	0.0470365226636545	0.101688372080342	0.0474322914823525	0.255720045496415
K52	0.545131946351797	0.611937544592884	0.0353050553361896	0.0329520136680549	0.108574605706023	0.242626191322324	0.190935694208397
K53	0.556477972523572	0.596025216698869	0.0424284904137592	0.0376419554124348	0.10939496695248	0.309290136371829	0.23890915007795
K54	0.525051926557195	0.584562410160516	0.03071028796046	0.0298357404233777	0.098451808664759	0.275720513219261	0.265376710628487
M01	0.49178576939563	0.662551298112589	0.0674368707300002	0.0468971718684681	0.101305783916556	0.12955285065715	0.110287931175548
M02	0.479099631751346	0.658557214714685	0.0683719940733424	0.050060163766309	0.103083333137504	0.114792276492197	0.184056392483953
M03	0.497304997691397	0.685273801182559	0.0551794325445874	0.0381294828119798	0.0811104912998133	0.270541989486917	0.0696773280758321
M04	0.502423548671641	0.699030349050449	0.0739376990625118	0.0640819061135131	0.233869175913954	0.217128163559395	0.0935209410738769
M05	0.505629272447384	0.689208763459731	0.0679861818407959	0.0561499095275456	0.218086820461964	0.279975308456821	0.285073303154116
M06	0.49683525607493	0.679214035142531	0.0827264230064578	0.0675006631711095	0.219920516503946	0.227338883073747	0.135407412178011
M07	0.495749218858841	0.669346613060762	0.0673289038084833	0.0474221657395507	0.182043673514275	0.160446751443022	0.0924016690721125
M08	0.482590180625466	0.686882644651467	0.0627264384840234	0.0555943203011663	0.175072707053532	0.222314484371627	0.220457612395468
M09	0.510227681561804	0.682080611982742	0.0607204710011455	0.0499091495307142	0.174136446856281	0.172876896989758	0.0734023779894056
M10	0.613179328260768	0.642058595728656	0.117026106563883	0.0807445168609748	0.348713419177009	0.22842258369045	0.157070293465657
M11	0.54754281474041	0.634601764526949	0.083006938121831	0.0435364237686047	0.252728962732636	0.276804639452206	0.441177367752076
M12	0.55355586531005	0.589851224414009	0.08565762918051	0.0583038949172768	0.235888968311978	0.267344550096291	0.107329903141654
M13	0.537304248845654	0.551906559878307	0.0775476205730741	0.0603478142274109	0.206057231854586	0.227137570561944	0.0723861306110121
M14	0.558136000625028	0.608691445752356	0.0785541542118346	0.0653966784489229	0.264248434380108	0.144944983484951	0.0873558598349639
M15	0.529493456733334	0.575834522941079	0.0756673545147458	0.0444111527205209	0.10226260985795	0.216889596691857	0.193431565798223
M16	0.517170056945737	0.559959379337262	0.0840026401298042	0.0522162245609213	0.109812837560018	0.151216848460576	0.140079221313962
M17	0.538185141274346	0.586003312549477	0.0768493398122709	0.0654708119102857	0.093192715307105	0.205162751037835	0.149419561672992
M18	0.517780447050537	0.549975850195444	0.0759768705391746	0.061682577585534	0.132800535634975	0.142975595171917	0.138942713451281
M19	0.498003497061957	0.643918114413402	0.0829694609203857	0.0607970567055585	0.176141893721066	0.10173613966478	0.0934712480448873
M20	0.515561108631638	0.665547535111777	0.100693966420986	0.0774623104197416	0.212023760034309	0.121684219264519	0.156425897924389
M21	0.477835200832705	0.670892012714534	0.0942955368028486	0.0694713420642698	0.146108558847853	0.224915196300874	0.0669984548975503
M22	0.482408993104823	0.68610237873956	0.0737249051569353	0.0543690511550377	0.118367724485916	0.238628582163815	0.0714330296953534
M23	0.494536744885633	0.685053931901541	0.0814049682525007	0.0586710400750002	0.0879377510888963	0.166013558505159	0.15543592534493
M24	0.51242319647009	0.694808160054451	0.0783100497619547	0.0545848151725425	0.116131966321225	0.153215546054446	0.138150344856787
M25	0.551149299832347	0.689150844684373	0.0886450295889272	0.039079464363045	0.134907984170369	0.517287214863257	0.13650183342103
M26	0.56073354248814	0.677889452703774	0.0741297533401183	0.0654104198351755	0.151855138617021	0.251295093342126	0.0661254191573076
M27	0.52620747171184	0.686599476467719	0.0660567558100304	0.0448242148787413	0.188059124135406	0.258990221719562	0.0574056455888468
M28	0.528801215702186	0.64450702014573	0.0689060546928074	0.0584277152661	0.147431325683787	0.211718618651134	0.034817495060027
M29	0.508920905929902	0.592771220774117	0.0848713109373916	0.0422261018122538	0.161670636875363	0.250882645774038	0.0773328040696234
M30	0.536209260539078	0.695029174793279	0.0730219011404065	0.0632988406947732	0.218394897041104	0.184804661513023	0.0294518696442401
M31	0.501448236036183	0.56647486547979	0.0755053509101619	0.052110073475416	0.164703816801482	0.0673280272659058	0.14113825667639
M32	0.500926014635846	0.568412672878149	0.0824247033178939	0.0344516138498597	0.0662807729651078	0.05168697382924	0.0951375549829672
M33	0.513293211365448	0.5663874272257	0.0869877571737797	0.0547746580868814	0.236380225215161	0.092780329814612	0.122053252559284
M34	0.520714900205282	0.612752686077071	0.0688457952538255	0.049041828312083	0.0838521379244124	0.161082305390426	0.132527232875986
M35	0.515382071470908	0.624294206351747	0.0684198384100583	0.0360661525456588	0.0488356416967256	0.277985180308613	0.159620761051442
M36	0.523422494857868	0.598626655505286	0.0763461282268163	0.0584749009916772	0.157397008161948	0.207263763133398	0.177617513022119
